Case #1:
1101110111011001 3 7 13 3 31 43 3 73 7
1000001100111001 7 29 109 7 283 109 7 7 103
1110111000000011 13 2 73 2 47 2 47 2 1153
1101111011100001 3 2 5 2 5 2 3 2 11
1101111001110001 5 2 17 2 5 2 5 2 7
1111000101001011 223 3391 3 67481 73 3 11941 47 3
1110000001001001 3 2 3 2 7 2 3 2 3
1000110111000011 3 2 5 2 7 2 3 2 11
1101100010111101 3 2 5 2 5 2 3 2 7
1101010111111001 3 5 13 3 13 29 3 73 7
1011101010101001 5 53 3 17 131 3 29 5 3
1110011000101101 5 7 3 11 19 3 67 29 3
1110110010111101 5 73 73 23 101 5 11483 103 3379049
1100010011111001 5 643 3 149 1289 3 3095231 31 3
1011000010011101 3 2 5 2 7 2 3 2 11
1101101000001101 3 2 5 2 7 2 3 2 11
1000101110001011 139 2 16453 2 11 2 97 2 17
1011100110010101 7 13 3 11 17 3 13 7 3
1000010000101011 5 2 3 2 37 2 5 2 3
1000001000111011 3 5 7 3 13 139 3 4604791 1993561
1010000001000111 3 2 3 2 7 2 3 2 3
1000100100110111 3 2 5 2 7 2 3 2 7
1101110101100001 3 197 3 3 13 3 3 127 3
1111010011111101 59 2 3 2 13 2 2521 2 3
1001000011000011 3 2 3 2 7 2 3 2 3
1111000111000111 5 2 17 2 5 2 5 2 101
1001011000000011 3 2 3 2 7 2 3 2 3
1111001101101001 3 2 5 2 5 2 3 2 11
1001011010010111 19 29 3 173 167 3 499 7561 3
1001011100000001 29 2 3 2 991 2 11 2 3
1100000101100001 5 2 3 2 37 2 5 2 3
1101100111100111 7 83 13 10739 3391 5347 3832931 7 3121
1000011101011101 3 11 3 3 587 3 3 769 3
1100010100010111 5 2 17 2 37 2 5 2 17
1100010111000101 197 2 103 2 17 2 97 2 7
1001111011101101 5 13 193 20681 4517 5 11 79 71
1000100111101001 5 2 7 2 13 2 977 2 61
1011100110101011 11 2 1481 2 5 2 5 2 7
1110000100100011 5 181 1091 7 59 5 7 19 41
1111100010100101 53 7 3 6577 19 3 29 23 3
1001000000011101 79 2 3 2 11 2 2019013 2 3
1011000010101101 31 2 1759 2 419 2 89 2 461
1101000011001011 3 2 5 2 7 2 3 2 11
1110001101100101 23 5 3 1621 23 3 5 5507 3
1011101000001011 97 2 503 2 29 2 11 2 367
1010001110001111 3 1523 3 3 241 3 3 11 3
1010011101111111 3 2 3 2 7 2 3 2 3
1011000100111101 17 23 3 10729 17 3 2273 19 3
1000010101111111 5 2 17 2 5 2 5 2 101
1100001100101001 47 7 4721 37 2687 1523 7 13 7