Case #1:
10000000000000000001001110000111 3 2 5 2 7 2 3 2 7
10000000000000000000111011110101 3 2 5 2 5 2 3 2 11
10000000000000000001001011011111 3 2 5 2 5 2 3 2 11
10000000000000000000111001000111 3 2 5 2 7 2 3 2 11
10000000000000000000110101110111 5 2 17 2 5 2 5 2 101
10000000000000000000111010000101 5 103 41 47 17 5 7 11 71
10000000000000000000001001111011 7 2 1609 2 2131 2 733 2 157
10000000000000000000101100010001 3 2 3 2 7 2 3 2 3
10000000000000000000110111001111 3 2 5 2 5 2 3 2 11
10000000000000000000001100100101 3 2 3 2 7 2 3 2 3
10000000000000000000011111101101 3 2 5 2 5 2 3 2 11
10000000000000000000001110110101 3 2 5 2 7 2 3 2 11
10000000000000000001001101010101 179 2 73 2 11 2 41 2 811
10000000000000000001001000001001 5 11 11 11 5 5 31 11 41
10000000000000000000010000100001 3 2 5 2 7 2 3 2 11
10000000000000000000001000010111 3 2 3 2 7 2 3 2 3
10000000000000000000100001100101 3 2 3 2 7 2 3 2 3
10000000000000000000100110100001 271 2 3 2 193 2 29 2 3
10000000000000000000010110001001 3 2 3 2 7 2 3 2 3
10000000000000000000111111110001 3 2 5 2 5 2 3 2 11
10000000000000000000111011111001 17 2 127 2 5 2 17 2 31
10000000000000000000101101010111 7 13 3 31 43 3 17 7 3
10000000000000000000111111100001 7 13 3 23 13 3 17 7 3
10000000000000000000101111000001 1021 5 883 41 83 211 5 17 7
10000000000000000000101111010111 3 2 5 2 5 2 3 2 11
10000000000000000000101011100011 5 2 17 2 11 2 5 2 13
10000000000000000000100001100111 127 1093 43 23 71 23 7 547 13
10000000000000000000100101111011 5 13 3 31 43 3 59 7 3
10000000000000000001000100011001 5 2 3 2 47 2 11 2 3
10000000000000000000110100110011 3 2 5 2 7 2 3 2 11
10000000000000000001000110101101 3 2 5 2 7 2 3 2 11
10000000000000000000010110111101 317 5 3 73 71 3 5 223 3
10000000000000000000111010110011 3 17 3 3 13 3 3 11 3
10000000000000000000100011100001 7 2 3 2 43 2 73 2 3
10000000000000000000001011101011 5 2 17 2 37 2 5 2 7
10000000000000000000101001000101 3 2 3 2 7 2 3 2 3
10000000000000000000001111100101 3 2 5 2 7 2 3 2 11
10000000000000000000101001110101 3 2 5 2 7 2 3 2 11
10000000000000000000100111001101 3 2 5 2 7 2 3 2 11
10000000000000000000010101001111 103 2 19 2 11 2 1039 2 41
10000000000000000000000101100011 3 2 3 2 7 2 3 2 3
10000000000000000000001100110111 3 2 5 2 7 2 3 2 11
10000000000000000000100001111101 3 2 5 2 7 2 3 2 11
10000000000000000000001100000111 3 2 3 2 7 2 3 2 3
10000000000000000001001000010011 3 2 3 2 7 2 3 2 3
10000000000000000000001000001111 5 2 3 2 37 2 5 2 3
10000000000000000000000101000111 5 2 3 2 13 2 5 2 3
10000000000000000000000101001011 3 2 3 2 7 2 3 2 3
10000000000000000000011000111011 563 2 7 2 197 2 293 2 23
10000000000000000000101000011101 13 5 59 911 263 11 5 47 43
10000000000000000001001000111001 59 23 7 41 17 313 7 67 467
10000000000000000001000111100011 3 2 5 2 7 2 3 2 11
10000000000000000000111101011011 3 2 5 2 5 2 3 2 7
10000000000000000000100000101011 7 2 3 2 17 2 73 2 3
10000000000000000000101101000111 3 2 5 2 7 2 3 2 11
10000000000000000000100000110101 3 2 3 2 7 2 3 2 3
10000000000000000001001101111101 7 2 11 2 5 2 17 2 41
10000000000000000000111011011101 3 2 5 2 5 2 3 2 7
10000000000000000000001011111111 5 2 17 2 5 2 5 2 101
10000000000000000000110001110011 3 2 5 2 7 2 3 2 11
10000000000000000000000001010111 5 2 3 2 37 2 5 2 3
10000000000000000000011100111101 7 11 3 31 43 3 73 7 3
10000000000000000000000110000111 3 2 3 2 7 2 3 2 3
10000000000000000000100101100101 17 353 7 7 1129 29 7 179 239
10000000000000000000000011001101 3 2 3 2 7 2 3 2 3
10000000000000000000100000010101 13 5 673 773 5 251 5 1907 23
10000000000000000000001010000101 89 41 463 7 5 31 29 37 1033
10000000000000000000100101001111 3 2 5 2 7 2 3 2 11
10000000000000000000110110110001 3 2 5 2 7 2 3 2 11
10000000000000000000011110001101 3 2 5 2 7 2 3 2 11
10000000000000000000100111111001 7 13 3 13 43 3 73 7 3
10000000000000000001001100001111 3 2 5 2 7 2 3 2 11
10000000000000000000111100110111 3 2 5 2 5 2 3 2 7
10000000000000000000011100000101 5 2 3 2 37 2 5 2 3
10000000000000000000011011110001 3 2 5 2 7 2 3 2 11
10000000000000000000101011111101 17 2 257 2 5 2 17 2 73
10000000000000000000001101011111 41 7 3 29 59 3 17 37 3
10000000000000000001001000111111 19 5 3 251 71 3 5 1667 3
10000000000000000000100011110101 3 2 5 2 7 2 3 2 11
10000000000000000000000000011101 31 5 11 11 5 419 5 11 41
10000000000000000000011100101111 7 13 3 11 43 3 11 7 3
10000000000000000001000110111001 3 2 5 2 7 2 3 2 11
10000000000000000000010001110001 5 2 3 2 37 2 5 2 3
10000000000000000000010111101001 3 2 5 2 7 2 3 2 11
10000000000000000001001101101111 3 2 5 2 5 2 3 2 11
10000000000000000000111111100101 3 2 5 2 5 2 3 2 11
10000000000000000000010101010111 5 2 17 2 13 2 5 2 101
10000000000000000000111100010011 3 2 5 2 7 2 3 2 7
10000000000000000000110101011111 1123 2 11 2 5 2 251 2 167
10000000000000000001001010010111 3 2 5 2 7 2 3 2 11
10000000000000000000010001100011 3 2 3 2 7 2 3 2 3
10000000000000000000000100001111 3 2 3 2 7 2 3 2 3
10000000000000000000110000010011 3 2 3 2 7 2 3 2 3
10000000000000000000011001100101 5 11 853 41 29 5 7 23 359
10000000000000000000101000011011 3 7 13 3 31 5 3 73 7
10000000000000000001001100100111 3 2 5 2 7 2 3 2 11
10000000000000000001000110100111 3 2 5 2 7 2 3 2 11
10000000000000000001001100111001 3 2 5 2 7 2 3 2 7
10000000000000000000111001110101 7 13 3 31 29 3 73 7 3
10000000000000000000101101110111 3 2 5 2 5 2 3 2 11
10000000000000000000001110101101 197 2 2729 2 47 2 53 2 7
10000000000000000001001001001111 3 2 5 2 7 2 3 2 11
10000000000000000000111010110111 5 2 7 2 5 2 5 2 101
10000000000000000000110011010011 3 2 5 2 7 2 3 2 11
10000000000000000000010101000011 5 2 3 2 37 2 5 2 3
10000000000000000000010010000111 3 2 3 2 7 2 3 2 3
10000000000000000000110011110111 3 2 5 2 5 2 3 2 11
10000000000000000000111110110101 3 2 5 2 5 2 3 2 7
10000000000000000001001010110011 5 2 7 2 317 2 53 2 23
10000000000000000000110010010001 3 2 3 2 7 2 3 2 3
10000000000000000000111111010011 3 2 5 2 5 2 3 2 11
10000000000000000000010110010101 3 5 7 3 19 13 3 317 953
10000000000000000000111010011011 3 5 3 3 31 3 3 43 3
10000000000000000001000110001111 3 2 5 2 7 2 3 2 7
10000000000000000000100101111001 3 2 5 2 7 2 3 2 11
10000000000000000001001101100111 5 37 3 23 1553 3 47 1117 3
10000000000000000000000011100101 3 2 3 2 7 2 3 2 3
10000000000000000001001010011101 3 2 5 2 7 2 3 2 11
10000000000000000000111010110101 17 373 3 17 109 3 31 569 3
10000000000000000000100001001101 3 2 3 2 7 2 3 2 3
10000000000000000000001001001011 5 2 3 2 13 2 5 2 3
10000000000000000000000101010101 7 2 3 2 17 2 71 2 3
10000000000000000000101110111101 13 2 11 2 5 2 31 2 41
10000000000000000000101000100011 7 2 3 2 43 2 73 2 3
10000000000000000000010100110101 3 7 13 3 31 37 3 73 7
10000000000000000001001010101011 7 2 29 2 71 2 23 2 7
10000000000000000000101000101101 3 7 13 3 31 43 3 73 7
10000000000000000000100100011001 3 2 3 2 7 2 3 2 3
10000000000000000000000111110011 3 2 5 2 7 2 3 2 11
10000000000000000000010111001011 3 2 5 2 7 2 3 2 11
10000000000000000000110001010001 17 2 3 2 1297 2 17 2 3
10000000000000000001000000101011 17 2 3 2 11 2 17 2 3
10000000000000000000001100111111 7 5 3 31 43 3 5 7 3
10000000000000000001000010110001 3 2 3 2 7 2 3 2 3
10000000000000000000000111000111 977 11 29 421 11 131 7 337 17
10000000000000000000100001011001 3 2 3 2 7 2 3 2 3
10000000000000000000010100100011 3 2 3 2 7 2 3 2 3
10000000000000000001000010011111 3 2 5 2 7 2 3 2 11
10000000000000000000011110010011 3 2 5 2 7 2 3 2 11
10000000000000000000000011110111 3 2 5 2 7 2 3 2 11
10000000000000000000110111010111 491 2 7 2 5 2 71 2 7
10000000000000000000111001010011 3 2 5 2 7 2 3 2 11
10000000000000000000000111000101 7 2 3 2 43 2 73 2 3
10000000000000000000110000100101 3 2 3 2 7 2 3 2 3
10000000000000000000010001001011 3 2 3 2 7 2 3 2 3
10000000000000000000010010001101 3 2 3 2 7 2 3 2 3
10000000000000000000000000110111 3 2 3 2 7 2 3 2 3
10000000000000000000110111101101 3 2 5 2 5 2 3 2 11
10000000000000000000001100001101 3 2 3 2 7 2 3 2 3
10000000000000000000110011100101 3 2 5 2 7 2 3 2 11
10000000000000000000011100110011 3 2 5 2 7 2 3 2 7
10000000000000000000010111100011 3 2 5 2 7 2 3 2 11
10000000000000000001001011110001 3 2 5 2 7 2 3 2 11
10000000000000000000000100111001 3 2 3 2 7 2 3 2 3
10000000000000000000100101110011 3 2 5 2 7 2 3 2 11
10000000000000000000100011000011 571 2 3 2 113 2 19 2 3
10000000000000000000011011111011 5 2 17 2 5 2 5 2 101
10000000000000000000010101111101 3 7 3 3 17 3 3 7 3
10000000000000000000011101100011 3 2 5 2 7 2 3 2 11
10000000000000000000100000010111 3 2 3 2 7 2 3 2 3
10000000000000000000000000100001 7 13 3 31 41 3 73 7 3
10000000000000000000110100111001 3 2 5 2 7 2 3 2 11
10000000000000000000010000110111 17 11 7 79 13 79 7 317 23
10000000000000000000101000110011 3 5 19 3 19 31 3 1567 131
10000000000000000000110001101111 7 5 3 31 43 3 5 7 3
10000000000000000000111010000111 569 2 19 2 11 2 11 2 953
10000000000000000000100000110011 11 2 3 2 1297 2 17 2 3
10000000000000000000001101111001 3 2 5 2 7 2 3 2 7
10000000000000000000000011010011 3 2 3 2 7 2 3 2 3
10000000000000000000111101010111 5 2 17 2 5 2 5 2 101
10000000000000000000100100000011 5 7 11 769 5 5 23 19 7
10000000000000000000000100100111 3 2 3 2 7 2 3 2 3
10000000000000000000000000000111 3 2 5 2 7 2 3 2 11
10000000000000000000101111011101 3 2 5 2 5 2 3 2 11
10000000000000000000101001000011 5 2 3 2 17 2 5 2 3
10000000000000000000110110011101 11 1699 3 23 877 3 11 47 3
10000000000000000000100110110101 3 2 5 2 7 2 3 2 11
10000000000000000001000110011011 3 2 5 2 7 2 3 2 11
10000000000000000000100101111111 3 2 5 2 5 2 3 2 11
10000000000000000001000000011001 7 11 11 11 5 73 13 7 41
10000000000000000000100000100111 5 2 3 2 37 2 5 2 3
10000000000000000000011111111111 3 2 3 2 7 2 3 2 3
10000000000000000000001110010001 3 2 3 2 7 2 3 2 3
10000000000000000000000111011011 3 2 5 2 7 2 3 2 11
10000000000000000000101100010101 5 47 19 17 211 5 7 107 2341
10000000000000000000011000010011 3 2 3 2 7 2 3 2 3
10000000000000000001000011111111 3 2 5 2 5 2 3 2 11
10000000000000000000101010110101 379 2 43 2 13 2 277 2 211
10000000000000000000001110100001 7 2 3 2 43 2 11 2 3
10000000000000000000110000000111 3 2 3 2 7 2 3 2 3
10000000000000000001001011011101 929 5 3 67 11 3 5 11 3
10000000000000000001000111100111 7 7 3 19 19 3 11 7 3
10000000000000000000111100100101 3 2 5 2 7 2 3 2 7
10000000000000000001000110110101 107 2 11 2 11 2 5 2 7
10000000000000000000001011010111 3 2 5 2 7 2 3 2 11
10000000000000000000010011010001 277 2 3 2 349 2 61 2 3
10000000000000000000001101000101 5 2 3 2 37 2 5 2 3
10000000000000000001001001001001 3 2 3 2 7 2 3 2 3
10000000000000000000010110101101 3 2 5 2 7 2 3 2 11
10000000000000000001001000111101 3 2 5 2 7 2 3 2 7
10000000000000000000000110010001 31 11 11 11 5 2801 13 11 41
10000000000000000000001110011101 3 2 5 2 7 2 3 2 11
10000000000000000001001101101001 3 2 5 2 7 2 3 2 11
10000000000000000000001100010101 7 2 3 2 43 2 43 2 3
10000000000000000000011010111011 3 7 3 3 31 3 3 71 3
10000000000000000001001101010001 3 467 7 3 179 29 3 547 239
10000000000000000000100001111111 7 13 3 31 43 3 73 7 3
10000000000000000000001010100101 5 2 3 2 37 2 5 2 3
10000000000000000000101100000101 3 2 3 2 7 2 3 2 3
10000000000000000000001001010101 5 2 3 2 19 2 5 2 3
10000000000000000000110001001111 3 2 5 2 7 2 3 2 11
10000000000000000000101000000111 5 2 3 2 29 2 5 2 3
10000000000000000000000100001001 3 2 5 2 7 2 3 2 11
10000000000000000000110011011011 13 31 3 601 13 3 37 29 3
10000000000000000000111101001101 5 29 3 83 757 3 977 11 3
10000000000000000000000000101111 5 2 3 2 11 2 5 2 3
10000000000000000001001100010001 41 2 3 2 13 2 1259 2 3
10000000000000000000111100011111 3 2 5 2 5 2 3 2 11
10000000000000000000011010001011 3 1193 61 3 271 1051 3 13 17
10000000000000000000111000001011 3 7 13 3 31 11 3 19 7
10000000000000000000011110110001 3 2 5 2 7 2 3 2 7
10000000000000000000100011010111 3 2 5 2 7 2 3 2 11
10000000000000000000010101100001 5 2 3 2 37 2 5 2 3
10000000000000000000101100110111 71 5 3 23 59 3 5 223 3
10000000000000000000001101110011 3 2 5 2 7 2 3 2 11
10000000000000000000110100000011 3 2 3 2 7 2 3 2 3
10000000000000000001001001100011 5 883 7 37 11 5 7 109 13
10000000000000000000001001110001 3 2 3 2 7 2 3 2 3
10000000000000000000110110010011 3 2 5 2 7 2 3 2 11
10000000000000000000100100011111 3 2 5 2 7 2 3 2 11
10000000000000000000110011001101 3 2 5 2 7 2 3 2 11
10000000000000000000010110110011 3 2 5 2 7 2 3 2 11
10000000000000000001001001100001 3 2 3 2 7 2 3 2 3
10000000000000000000010100100101 5 2 3 2 37 2 5 2 3
10000000000000000000011010000011 5 2 3 2 23 2 5 2 3
10000000000000000000101110001111 3 5 3 3 43 3 3 7 3
10000000000000000000010011001001 3 2 3 2 7 2 3 2 3
10000000000000000001001101010011 5 2 11 2 137 2 491 2 7
10000000000000000000000111100111 3 2 5 2 7 2 3 2 11
10000000000000000000000011110001 3 2 3 2 7 2 3 2 3
10000000000000000000000101101111 3 2 5 2 7 2 3 2 11
10000000000000000000100001010011 3 2 3 2 7 2 3 2 3
10000000000000000000110101000001 7 2 3 2 41 2 73 2 3
10000000000000000001000010000001 3 2 5 2 7 2 3 2 11
10000000000000000001001010101111 3 11 3 3 19 3 3 241 3
10000000000000000000001001000111 3 2 3 2 7 2 3 2 3
10000000000000000000011110100101 3 2 5 2 7 2 3 2 11
10000000000000000000011111010111 5 2 17 2 5 2 5 2 23
10000000000000000000011010010111 3 2 5 2 7 2 3 2 11
10000000000000000000001101001111 3 2 5 2 7 2 3 2 11
10000000000000000000000010001001 5 2 2179 2 11 2 167 2 23
10000000000000000000000011100011 5 2 3 2 37 2 5 2 3
10000000000000000000001011100111 13 2 13 2 23 2 97 2 19
10000000000000000000010011101101 3 2 5 2 7 2 3 2 11
10000000000000000000111000010001 3 2 3 2 7 2 3 2 3
10000000000000000001001010111001 7 2 19 2 19 2 5 2 29
10000000000000000000101111001111 11 2 19 2 5 2 2621 2 13
10000000000000000000101011001111 3 163 3 3 11 3 3 113 3
10000000000000000001001001111001 3 2 5 2 7 2 3 2 11
10000000000000000000111111111101 3 2 3 2 7 2 3 2 3
10000000000000000001000111101001 3 2 5 2 7 2 3 2 11
10000000000000000000100100000001 3 2 5 2 7 2 3 2 11
10000000000000000000001011000011 5 2 3 2 37 2 5 2 3
10000000000000000000100010111011 17 2 71 2 23 2 17 2 23
10000000000000000000001000000101 3 2 5 2 7 2 3 2 11
10000000000000000000010101011011 73 2 7 2 29 2 23 2 17
10000000000000000001001011001011 839 2 13 2 17 2 11 2 29
10000000000000000001000000110011 3 2 3 2 7 2 3 2 3
10000000000000000000111110001011 3 5 3 3 13 3 3 11 3
10000000000000000000110011111011 7 2 257 2 5 2 17 2 7
10000000000000000000000101111011 3 2 5 2 7 2 3 2 11
10000000000000000000101111100111 5 2 13 2 5 2 5 2 31
10000000000000000000010000010111 5 2 3 2 19 2 5 2 3
10000000000000000001000011101001 19 5 7 11 547 71 5 71 13
10000000000000000000000100110011 3 2 3 2 7 2 3 2 3
10000000000000000000011100011101 19 2 2741 2 11 2 43 2 7
10000000000000000000001110000001 5 11 11 7 5 5 31 11 41
10000000000000000000110010011101 3 2 5 2 7 2 3 2 7
10000000000000000000100101001001 3 2 3 2 7 2 3 2 3
10000000000000000000100111101011 3 5 3 3 19 3 3 7 3
10000000000000000000101001110011 1319 2 1277 2 53 2 107 2 7
10000000000000000000000100100001 3 2 5 2 7 2 3 2 11
10000000000000000000111110100111 5 2 17 2 5 2 5 2 101
10000000000000000001000000001001 3 2 5 2 7 2 3 2 11
10000000000000000000111101100011 7 13 3 31 43 3 73 7 3
10000000000000000000111010111001 3 5 3 3 59 3 3 641 3
10000000000000000000110110011001 3 2 5 2 7 2 3 2 7
10000000000000000001001011000001 3 2 3 2 7 2 3 2 3
10000000000000000000110101100011 3 2 5 2 7 2 3 2 11
10000000000000000000010101100011 239 29 53 7 11 17 7 11 163
10000000000000000000101101010011 3 2 5 2 7 2 3 2 11
10000000000000000000001100001011 11 2 3 2 53 2 479 2 3
10000000000000000000100111011111 3 2 5 2 5 2 3 2 11
10000000000000000001001000110111 3 2 5 2 7 2 3 2 11
10000000000000000000010001101001 3 2 3 2 7 2 3 2 3
10000000000000000000111000010111 3 2 5 2 7 2 3 2 7
10000000000000000000111001011011 29 43 3 11 19 3 43 163 3
10000000000000000000001011010001 3 2 3 2 7 2 3 2 3
10000000000000000000110101110101 3 43 3 3 113 3 3 19 3
10000000000000000000111100101111 5 2 17 2 5 2 5 2 101
10000000000000000000111000111001 37 2 29 2 113 2 587 2 19
10000000000000000001001101100001 7 5 149 7 571 11 5 7 109
10000000000000000000000001000011 3 2 5 2 7 2 3 2 11
10000000000000000000100010111101 5 2 41 2 79 2 283 2 179
10000000000000000001000000100111 3 2 3 2 7 2 3 2 3
10000000000000000000100010010101 3 2 3 2 7 2 3 2 3
10000000000000000001000110111111 3 2 5 2 5 2 3 2 11
10000000000000000000010010100101 3 2 3 2 7 2 3 2 3
10000000000000000001000100111011 3 2 5 2 7 2 3 2 11
10000000000000000000111000101011 5 2 17 2 37 2 5 2 101
10000000000000000000100000001111 7 2 3 2 23 2 73 2 3
10000000000000000000011111100101 7 13 3 31 43 3 71 7 3
10000000000000000000110011111101 3 2 5 2 5 2 3 2 11
10000000000000000000011000011111 3 2 5 2 7 2 3 2 11
10000000000000000000010000010101 3 7 13 3 5 43 3 73 7
10000000000000000001000101110011 5 2 97 2 11 2 1721 2 13
10000000000000000000110100001111 3 2 5 2 7 2 3 2 11
10000000000000000000101111110001 5 11 3 31 43 3 73 7 3
10000000000000000000011010011101 3 2 5 2 7 2 3 2 11
10000000000000000001000001010001 3 19 23 3 5 5 3 7 19
10000000000000000000001010101111 5 2 17 2 37 2 5 2 101
10000000000000000000111000000011 5 2 3 2 11 2 5 2 3
10000000000000000000111011110011 5 2 17 2 5 2 5 2 7
10000000000000000000000101110001 7 2 3 2 43 2 29 2 3
10000000000000000000001000100111 7 2 3 2 43 2 73 2 3
10000000000000000000011110101111 5 2 17 2 5 2 5 2 7
10000000000000000000000110011001 3 2 3 2 7 2 3 2 3
10000000000000000000000110100011 67 2 3 2 13 2 59 2 3
10000000000000000000011001100001 3 2 3 2 7 2 3 2 3
10000000000000000000100000111001 7 2 3 2 19 2 73 2 3
10000000000000000000100111011001 3 2 5 2 7 2 3 2 11
10000000000000000000111010011111 7 2 227 2 5 2 23 2 97
10000000000000000000101110000001 7 2 3 2 43 2 73 2 3
10000000000000000000101011100111 3 13 3 3 43 3 3 7 3
10000000000000000000001100000001 3 2 5 2 7 2 3 2 11
10000000000000000001001000101001 17 2 3 2 1297 2 17 2 3
10000000000000000000110001111111 3 2 5 2 5 2 3 2 11
10000000000000000000001100000101 17 7 11 11 5 23 31 11 7
10000000000000000000001110111111 31 2 11 2 5 2 31 2 7
10000000000000000001001100100001 3 2 3 2 7 2 3 2 3
10000000000000000001000110101111 5 13 3 31 43 3 73 7 3
10000000000000000000011111101111 17 11 1129 7 13 487 263 47 19
10000000000000000000011011000001 3 2 3 2 7 2 3 2 3
10000000000000000000110000011001 3 2 3 2 7 2 3 2 3
10000000000000000000110011101101 7 13 3 17 43 3 13 7 3
10000000000000000001001001001011 17 7 103 29 1039 19 7 97 7
10000000000000000000110111100001 3 2 5 2 7 2 3 2 11
10000000000000000000010011000011 3 2 3 2 7 2 3 2 3
10000000000000000000010111101101 5 13 3 19 19 3 73 7 3
10000000000000000000001011011101 3 2 5 2 7 2 3 2 11
10000000000000000000000000000011 83 7 3 11 23 3 569 173 3
10000000000000000001000001000111 5 2 3 2 37 2 5 2 3
10000000000000000000011110000001 3 2 3 2 7 2 3 2 3
10000000000000000000000110011111 3 2 5 2 7 2 3 2 11
10000000000000000001001100111111 3 2 5 2 5 2 3 2 11
10000000000000000000110110100101 3 2 5 2 7 2 3 2 11
10000000000000000000111011010001 3 2 5 2 7 2 3 2 11
10000000000000000000001100011001 3 2 3 2 7 2 3 2 3
10000000000000000000000100101011 7 2 3 2 43 2 73 2 3
10000000000000000000000001101011 5 2 3 2 23 2 5 2 3
10000000000000000000100100000101 37 5 89 569 5 17 5 241 1289
10000000000000000000001001110011 5 1093 43 19 467 5 7 547 239
10000000000000000001000101011101 17 2 257 2 1297 2 17 2 73
10000000000000000000110000001111 5 29 19 1801 281 5 7 17 853
10000000000000000000010110001011 7 5 11 7 11 11 5 7 29
10000000000000000000010010110111 3 2 5 2 7 2 3 2 11
10000000000000000000111101111001 3 2 5 2 5 2 3 2 11
10000000000000000001001000000001 3 2 5 2 7 2 3 2 11
10000000000000000000011000000111 3 2 3 2 7 2 3 2 3
10000000000000000001000001110001 47 2 3 2 29 2 2377 2 3
10000000000000000000100000011101 3 2 3 2 7 2 3 2 3
10000000000000000000101001110111 7 13 3 31 43 3 73 7 3
10000000000000000001000011001001 3 2 3 2 7 2 3 2 3
10000000000000000000101000001101 29 2 3 2 17 2 379 2 3
10000000000000000000110111111111 3 2 3 2 7 2 3 2 3
10000000000000000000001001110111 3 2 5 2 7 2 3 2 11
10000000000000000000011011010011 3 2 5 2 7 2 3 2 11
10000000000000000000111110010111 3 2 5 2 5 2 3 2 11
10000000000000000001001000100101 3 2 3 2 7 2 3 2 3
10000000000000000000001000101101 5 2 3 2 37 2 5 2 3
10000000000000000000111100111101 3 2 5 2 5 2 3 2 11
10000000000000000001001010000001 5 7 359 17 5 5 61 7 7
10000000000000000001001110000001 3 2 3 2 7 2 3 2 3
10000000000000000000111111000101 5 13 3 31 43 3 11 7 3
10000000000000000000101101001001 7 5 89 11 19 661 5 7 821
10000000000000000000100110010001 3 2 3 2 7 2 3 2 3
10000000000000000001001001000101 5 2 3 2 37 2 5 2 3
10000000000000000000110011110001 3 2 5 2 7 2 3 2 11
10000000000000000000011111100001 3 2 5 2 7 2 3 2 11
10000000000000000000101111110101 3 2 5 2 5 2 3 2 11
10000000000000000000111001011111 3 2 5 2 5 2 3 2 7
10000000000000000000110110000001 3 2 3 2 7 2 3 2 3
10000000000000000000110001111101 5 13 3 31 43 3 23 7 3
10000000000000000000010111101111 3 2 5 2 5 2 3 2 11
10000000000000000000111101001111 3 2 5 2 5 2 3 2 11
10000000000000000000111011100101 7 5 3 11 43 3 5 7 3
10000000000000000000011010100111 11 2 37 2 401 2 211 2 29
10000000000000000000110111011011 3 2 5 2 5 2 3 2 11
10000000000000000000001001011111 3 2 5 2 7 2 3 2 11
10000000000000000000110111001001 3 2 5 2 7 2 3 2 11
10000000000000000001000101110111 3 5 3 3 43 3 3 7 3
10000000000000000000001000110101 3 2 3 2 7 2 3 2 3
10000000000000000000101111000011 229 2 13 2 13 2 743 2 47
10000000000000000000100000000001 7 5 3 11 43 3 5 7 3
10000000000000000000100111000111 3 2 5 2 7 2 3 2 11
10000000000000000000101100010111 3 2 5 2 7 2 3 2 11
10000000000000000000000000000101 7 13 3 31 43 3 73 7 3
10000000000000000000101100011101 3 2 5 2 7 2 3 2 11
10000000000000000000011001110011 3 2 5 2 7 2 3 2 11
10000000000000000000111101001001 3 2 5 2 7 2 3 2 7
10000000000000000000001000111001 17 2 3 2 557 2 17 2 3
10000000000000000001001100110011 3 2 5 2 7 2 3 2 11
10000000000000000000101001101011 5 2 17 2 13 2 5 2 101
10000000000000000000000000001101 3 2 5 2 7 2 3 2 11
10000000000000000000100001110001 3 2 3 2 7 2 3 2 3
10000000000000000000110111001101 7 13 3 31 43 3 31 7 3
10000000000000000000001000011101 3 2 3 2 7 2 3 2 3
10000000000000000001001001100111 3 2 5 2 7 2 3 2 11
10000000000000000000000100101001 5 239 2711 131 5 5 199 113 359
10000000000000000000011011100101 3 2 5 2 7 2 3 2 11
10000000000000000001001000011101 5 263 7 17 23 5 7 293 2707
10000000000000000000100010101001 5 2 3 2 43 2 73 2 3
10000000000000000000110011011111 3 2 5 2 5 2 3 2 11
10000000000000000000011101001011 3 2 5 2 7 2 3 2 11
10000000000000000000011011010101 859 2 7 2 1327 2 17 2 503
10000000000000000000011001010001 5 2 3 2 37 2 5 2 3
10000000000000000001000010110111 3 2 5 2 7 2 3 2 11
10000000000000000000000010000101 3 2 5 2 7 2 3 2 11
10000000000000000000111101000011 3 2 5 2 7 2 3 2 11
10000000000000000000011011111101 3 2 5 2 5 2 3 2 7
10000000000000000000100010000001 5 2 23 2 13 2 23 2 199
10000000000000000000100111010011 3 2 5 2 7 2 3 2 11
10000000000000000000101010101111 7 13 3 29 43 3 73 5 3
10000000000000000000010001110011 7 7 47 17 139 11 7 7 7
10000000000000000000111001011101 5 11 3 937 139 3 29 109 3
10000000000000000000011000101001 5 2 3 2 37 2 5 2 3
10000000000000000000011101111011 3 2 5 2 5 2 3 2 7
10000000000000000000110001000101 7 2 3 2 11 2 73 2 3
10000000000000000000000001111111 3 2 5 2 7 2 3 2 11
10000000000000000000000110111101 3 2 5 2 7 2 3 2 11
10000000000000000000111111011001 3 2 5 2 5 2 3 2 7
10000000000000000000111100110001 3 2 5 2 7 2 3 2 11
10000000000000000000011011100111 5 7 3 11 523 3 1867 157 3
10000000000000000000110101111001 7 5 3 31 43 3 5 7 3
10000000000000000000011001011111 19 11 3 47 19 3 23 23 3
10000000000000000000000100101101 3 2 3 2 7 2 3 2 3
10000000000000000000111100001111 7 13 3 31 43 3 73 7 3
10000000000000000000101010111001 13 2 23 2 1297 2 17 2 67
10000000000000000001000110000101 7 2 3 2 43 2 29 2 3
10000000000000000000111101000111 7 13 3 31 43 3 73 7 3
10000000000000000000111000111111 5 2 17 2 5 2 5 2 101
10000000000000000000001101011011 3 2 5 2 7 2 3 2 11
10000000000000000000010101111111 5 2 17 2 5 2 5 2 101
10000000000000000000101010000111 3 17 37 3 397 1453 3 17 19
10000000000000000000101110011101 7 13 3 13 17 3 73 7 3
10000000000000000000011100111001 3 2 5 2 7 2 3 2 11
10000000000000000000100101000011 3 2 3 2 7 2 3 2 3
10000000000000000000111100000001 3 2 3 2 7 2 3 2 3
10000000000000000000001001001101 3 2 3 2 7 2 3 2 3
10000000000000000000101100100001 13 2 3 2 53 2 379 2 3
10000000000000000000100100001011 7 2 3 2 43 2 73 2 3
10000000000000000000011100111111 3 2 5 2 5 2 3 2 11
10000000000000000000111111011111 3 2 3 2 7 2 3 2 3
10000000000000000000100101100111 3 2 5 2 7 2 3 2 11
10000000000000000000111000000101 3 2 3 2 7 2 3 2 3
10000000000000000001000001100011 3 2 3 2 7 2 3 2 3
10000000000000000000011100001111 3 2 5 2 7 2 3 2 11
10000000000000000001000011101101 3 2 5 2 7 2 3 2 11
10000000000000000000001111110001 3 2 5 2 7 2 3 2 11
10000000000000000000110001100001 3 2 3 2 7 2 3 2 3
10000000000000000000001111101111 5 2 17 2 5 2 5 2 13
10000000000000000000000100010001 11 2 191 2 89 2 5 2 113
10000000000000000000111101100001 3 2 5 2 7 2 3 2 11
10000000000000000000011100100111 3 2 5 2 7 2 3 2 11
10000000000000000001000010010011 3 2 3 2 7 2 3 2 3
10000000000000000000110001000011 3 2 3 2 7 2 3 2 3
10000000000000000000110000100011 5 2 3 2 37 2 5 2 3
10000000000000000000000010110101 3 2 3 2 7 2 3 2 3
10000000000000000000001000100011 3 31 1097 3 5 5 3 53 31
10000000000000000001001011101011 3 269 3 3 179 3 3 673 3
10000000000000000000100111110111 3 2 5 2 5 2 3 2 11
10000000000000000000000001000111 709 17 13 293 5 263 2663 137 67
10000000000000000000100010001111 3 11 181 3 607 1097 3 79 197
10000000000000000000000110110111 3 2 5 2 7 2 3 2 11
10000000000000000000010100001011 3 2 3 2 7 2 3 2 3
10000000000000000000110011101001 197 2 367 2 11 2 5 2 7
10000000000000000001001011001101 3 2 5 2 7 2 3 2 11
10000000000000000001000110001001 3 2 3 2 7 2 3 2 3
10000000000000000000000000111001 5 317 47 23 5 5 83 523 23
10000000000000000001000101000101 43 2 3 2 11 2 53 2 3
10000000000000000001000100010101 7 2 3 2 43 2 5 2 3
10000000000000000000011001000011 3 2 3 2 7 2 3 2 3
10000000000000000000010100101001 3 2 3 2 7 2 3 2 3
10000000000000000000111101010101 3 7 3 3 31 3 3 7 3
10000000000000000000100110101111 3 5 3 3 23 3 3 29 3
10000000000000000000000111111001 3 2 5 2 7 2 3 2 11
10000000000000000001001100110111 7 13 3 13 11 3 73 7 3
10000000000000000001000010100101 3 2 3 2 7 2 3 2 3
10000000000000000000101110001011 257 2 1931 2 17 2 97 2 17
10000000000000000000101011010101 3 2 5 2 7 2 3 2 11
